1,0.995,-280.80154706446376,19
2,0.990,-300.40275942232824,22
3,0.985,-284.5058372657604,21
4,0.980,-300.40275942232824,22
5,0.975,-255.55986840814106,13
6,0.970,-156.0199733529118,31
7,0.966,-255.55986840814106,13
8,0.961,-142.52415792971703,30
9,0.956,-324.09262419336335,31
10,0.951,-255.55986840814106,13
11,0.946,-319.68710309378486,29
12,0.942,-117.70912648010435,30
13,0.937,-138.194142860659,29
14,0.932,-310.16268027509597,25
15,0.928,-140.98515013649745,31
16,0.923,-130.61255893726766,31
17,0.918,-129.58051442835375,30
18,0.914,-263.24409919798177,15
19,0.909,-134.60985188839842,31
20,0.905,-129.81288806404183,33
21,0.900,-271.07707039367574,22
22,0.896,-159.19456033947418,34
23,0.891,-133.27754545027648,74
24,0.887,-101.28566735299302,79
25,0.882,-136.77416062331807,36
26,0.878,-93.0851871366314,33
27,0.873,-114.87514649925117,32
28,0.869,-194.5785919307625,71
29,0.865,60.81008378839453,51
30,0.860,82.37221290998367,67
31,0.856,-87.31968113779726,33
32,0.852,-140.5742339926103,32
33,0.848,-140.33532973373448,30
34,0.843,131.11834901075127,81
35,0.839,30.154047763293622,70
36,0.835,122.7348480071203,81
37,0.831,49.72132845119569,51
38,0.827,70.28888964875361,50
39,0.822,39.68699516475378,49
40,0.818,-8.929548617383537,93
41,0.814,20.49986178115328,93
42,0.810,49.79202178242467,66
43,0.806,82.21439193722834,82
44,0.802,-188.46971476441388,71
45,0.798,58.17001128107696,53
46,0.794,-137.0301500933685,70
47,0.790,82.29943941711782,81
48,0.786,66.93311147064792,70
49,0.782,-89.13454428335628,79
50,0.778,47.5518377030916,53
51,0.774,91.90769876115579,70
52,0.771,66.93803524863075,69
53,0.767,-55.04002736229046,115
54,0.763,-33.14107884780292,112
55,0.759,69.35636823527366,70
56,0.755,31.85774370727793,69
57,0.751,49.27836264733558,70
58,0.748,-68.76058587938844,112
59,0.744,99.18991297856113,82
60,0.740,87.84208609119815,67
61,0.737,-20.612846252603156,168
62,0.733,46.649250136537454,49
63,0.729,62.144414309075344,69
64,0.726,-8.645114769055212,99
65,0.722,59.20621687569161,80
66,0.718,-48.23085870465107,113
67,0.715,51.59809900050189,70
68,0.711,49.68361959434921,51
69,0.708,65.71229350010981,68
70,0.704,-92.53251649657085,126
71,0.701,27.019119562468433,49
72,0.697,-146.8828691244642,135
73,0.694,43.76549953284905,70
74,0.690,12.702548673260651,69
75,0.687,52.38861231511718,67
76,0.683,28.806973229946433,88
77,0.680,59.2488366145314,50
78,0.676,74.38466612315939,69
79,0.673,99.18980628693039,77
80,0.670,45.918010054447,68
81,0.666,51.6377198867264,69
82,0.663,87.43497978670706,74
83,0.660,16.762092335181638,49
84,0.656,-108.70963117016113,79
85,0.653,-62.58778380110741,48
86,0.650,-206.19821215634957,205
87,0.647,88.23671975357406,82
88,0.643,66.61451489525443,68
89,0.640,-65.8058054406866,124
90,0.637,45.86977574482267,70
91,0.634,-79.88766419526051,46
92,0.631,74.95502013747223,70
93,0.627,-136.3451129752832,80
94,0.624,68.47894064442839,70
95,0.621,-63.30111385483736,51
96,0.618,10.324133227802411,69
97,0.615,31.136904182018505,51
98,0.612,-81.95798481942228,41
99,0.609,61.641905852426426,70
100,0.606,29.550270404212043,52
101,0.603,-89.47414251524464,53
102,0.600,45.08792536618144,52
103,0.597,21.15005741207258,48
104,0.594,83.09338238691453,72
105,0.591,-78.13476842789908,42
106,0.588,66.89804887251584,68
107,0.585,-105.71034723138835,79
108,0.582,71.53037513634926,67
109,0.579,51.106259385347876,69
110,0.576,25.59056468212772,50
111,0.573,44.97977202315223,70
112,0.570,33.4141766679411,49
113,0.568,59.022043582672026,82
114,0.565,22.329985324322703,50
115,0.562,-48.75524818763341,53
116,0.559,-163.18593268876953,80
117,0.556,-131.87122778772965,80
118,0.554,-105.9900434850529,47
119,0.551,56.53278968456135,69
120,0.548,44.705874382013256,64
121,0.545,-170.6766469653604,81
122,0.543,-108.75428174909526,79
123,0.540,23.435148588904756,69
124,0.537,-102.04815513986878,45
125,0.534,21.91589358755101,71
126,0.532,-118.40560144553375,44
127,0.529,55.83845040524306,70
128,0.526,34.23464772920823,49
129,0.524,54.88123960786644,69
130,0.521,26.101170958457185,50
131,0.519,-92.54826111061351,37
132,0.516,16.445646168760064,51
133,0.513,59.56565064986627,83
134,0.511,-107.04184344404923,45
135,0.508,42.69801027256817,50
136,0.506,73.34032290830933,70
137,0.503,44.289022536137814,73
138,0.501,4.682958783551691,72
139,0.498,64.3770964327773,68
140,0.496,-149.46644761823552,81
141,0.493,48.996434026142644,79
142,0.491,34.21471649155651,68
143,0.488,76.40114188114987,83
144,0.486,2.26353198845925,50
145,0.483,46.971544398053716,70
146,0.481,55.26222814217733,70
147,0.479,36.712257297151915,53
148,0.476,20.0098423062969,51
149,0.474,66.20612971798187,82
150,0.471,58.46437369716496,50
151,0.469,60.98309919492396,83
152,0.467,-148.24272936130862,80
153,0.464,-119.53574669452978,80
154,0.462,-126.78412782712986,37
155,0.460,77.33227513046384,68
156,0.458,-149.18549036214077,80
157,0.455,-105.49970732772029,79
158,0.453,73.80681348222721,76
159,0.451,56.52533963393281,69
160,0.448,49.35565424686041,71
161,0.446,36.1002847022931,70
162,0.444,48.27249564917497,67
163,0.442,64.29316496862133,71
164,0.440,-107.49038617173998,36
165,0.437,-106.19359728830356,79
166,0.435,-117.47301854606084,32
167,0.433,71.95282178964142,72
168,0.431,-119.74574913576237,79
169,0.429,-111.62608194229863,45
170,0.427,99.04678353657285,82
171,0.424,58.775525832227466,71
172,0.422,-132.19888271865946,44
173,0.420,70.88839700696225,71
174,0.418,-125.61890797925682,32
175,0.416,51.41535865906507,70
176,0.414,43.239223294101755,51
177,0.412,23.366902627120897,50
178,0.410,26.82575124151374,49
179,0.408,52.69619687020442,71
180,0.406,39.768967592366344,69
181,0.404,48.371828495050615,50
182,0.402,50.23093982601565,68
183,0.400,-79.7928388251045,34
184,0.398,-135.9542456159748,80
185,0.396,42.63259651834878,50
186,0.394,33.56235347985492,52
187,0.392,62.96394519019374,70
188,0.390,-120.84481626531935,41
189,0.388,64.4083234171198,69
190,0.386,31.78286725559848,69
191,0.384,-97.73658650991003,35
192,0.382,77.14318448483724,67
193,0.380,-112.63556952707404,36
194,0.378,32.166142127837894,70
195,0.376,80.86612949576478,69
196,0.374,-103.70365899165195,38
197,0.373,61.96010975703793,69
198,0.371,-121.4880704226384,35
199,0.369,61.420802169008674,69
200,0.367,38.657720007535744,74
201,0.365,63.54955434895057,70
202,0.363,38.75636279065402,66
203,0.361,59.983959292985304,50
204,0.360,21.866240601074395,49
205,0.358,36.22783464913504,68
206,0.356,-131.41345743598328,79
207,0.354,-127.2300144420523,80
208,0.353,37.45023931055553,69
209,0.351,-109.8250096166954,30
210,0.349,16.170509237810133,49
211,0.347,-132.15768157793923,80
212,0.346,-118.27595595750115,31
213,0.344,54.96015630404491,51
214,0.342,51.73633983873647,69
215,0.340,105.48780314947459,81
216,0.339,34.745829234356,70
217,0.337,-106.3335265157196,35
218,0.335,-96.60252413225939,79
219,0.334,-129.77084573411594,80
220,0.332,-95.28878831176439,79
221,0.330,75.37517809448462,67
222,0.329,73.16077809841599,68
223,0.327,-104.47592659614429,79
224,0.325,-113.31921110797593,79
225,0.324,52.4488156135222,77
226,0.322,-104.7692271409843,35
227,0.321,80.62799968249598,69
228,0.319,57.48587991995766,67
229,0.317,-130.08943365173062,30
230,0.316,29.89773574006062,50
231,0.314,24.90815769493301,50
232,0.313,-125.47473520169858,36
233,0.311,42.94444777578768,64
234,0.309,42.778419408087586,68
235,0.308,-122.71006343490338,36
236,0.306,24.95066936520717,53
237,0.305,38.82125040386102,70
238,0.303,56.30413214932757,51
239,0.302,78.5378118178484,68
240,0.300,-126.37660586649604,32
241,0.299,-136.14179531706137,80
242,0.297,-138.23667771032993,30
243,0.296,44.3878443923225,68
244,0.294,55.82634361786073,69
245,0.293,-112.43271423120436,36
246,0.291,18.62713024431106,51
247,0.290,34.18169863210741,65
248,0.288,45.86842972057386,69
249,0.287,60.97448199357242,68
250,0.286,47.96392431086272,62
251,0.284,56.068171663996104,69
252,0.283,67.20406464790243,69
253,0.281,68.77294275277902,69
254,0.280,21.589635715759492,70
255,0.279,-108.80958928273547,33
256,0.277,-76.53274863458154,78
257,0.276,-136.544419757199,38
258,0.274,51.096518152734,68
259,0.273,-83.59737173872301,79
260,0.272,53.572874603261475,73
261,0.270,-136.59937708473115,33
262,0.269,61.45271153964638,69
